time	position	velocity
0.0	0.0	0.0
0.01	1.6666666666666667e-05	0.006649999583333333
0.02	9.950055418055537e-05	0.013233389443069375
0.03	0.00024783779297710487	0.019750395653379167
0.04	0.00046101677399434276	0.026201246442461953
0.05	0.0007383781700677919	0.03258617215597291
0.060000000000000005	0.0010792649569611264	0.038905405220674344
0.07	0.0014830224340348056	0.04515918010831045
0.08	0.001948998244554919	0.05134773329970597
0.09	0.002476542395644473	0.057471303249088695
0.09999999999999999	0.0030650072778793543	0.06353013034863617
0.10999999999999999	0.003713747684531207	0.0695244568932465
0.11999999999999998	0.004422120830459458	0.0754545270455336
0.12999999999999998	0.005189486370654729	0.08132058680104672
0.13999999999999999	0.0060152064184358775	0.08712288395371456
0.15	0.006898645563302898	0.09286166806151394
0.16	0.007839170888447936	0.09853719041236292
0.17	0.008836151987926637	0.10414970399023867
0.18000000000000002	0.009888960983492089	0.10969946344151991
0.19000000000000003	0.010996972541093596	0.11518672504155403
0.20000000000000004	0.012159563887042509	0.12061174666144867
0.21000000000000005	0.013376114823847367	0.12597478773508805
0.22000000000000006	0.01464600774572059	0.13127610922637376
0.23000000000000007	0.01596862765375896	0.13651597359668996
0.24000000000000007	0.017343362170800118	0.1416946447725931
0.25000000000000006	0.018769601555957343	0.1468123881137258
0.26000000000000006	0.02024673871883481	0.15186947038095494
0.2700000000000001	0.02177416923342561	0.15686615970473405
0.2800000000000001	0.023351291351694725	0.16180272555368938
0.2900000000000001	0.02497750601684921	0.16667943870342988
0.3000000000000001	0.026652216876297822	0.17149657120558084
0.3100000000000001	0.02837483029430232	0.17625439635704104
0.3200000000000001	0.030144755364322637	0.18095318866946308
0.3300000000000001	0.031961403921058215	0.18559322383895696
0.34000000000000014	0.03382419055218766	0.1901747787160164
0.35000000000000014	0.03573253260980898	0.1946981312756679
0.36000000000000015	0.0376858502215826	0.1991635605878422
0.37000000000000016	0.03968356630157942	0.20357134678796798
0.38000000000000017	0.04172510656083607	0.20792177104778736
0.3900000000000002	0.04380989951761961	0.21221511554639316
0.4000000000000002	0.0459373765074039	0.21645166344148747
0.4100000000000002	0.04810697169255977	0.2206316988408613
0.4200000000000002	0.05031812207176134	0.224755506774095
0.4300000000000002	0.05257026748911052	0.22882337316447907
0.4400000000000002	0.054862850642982006	0.2328355848011551
0.45000000000000023	0.05719531709459094	0.23679242931147654
0.46000000000000024	0.0595671152762854	0.24069419513358883
0.47000000000000025	0.06197769649956592	0.24454117148922855
0.48000000000000026	0.06442651496283425	0.2483336483567413
0.49000000000000027	0.06691302775887346	0.2520719164443178
0.5000000000000002	0.06943669488206175	0.255756267163448
0.5100000000000002	0.0719969792353218	0.2593869926025925
0.5200000000000002	0.07459334663680826	0.2629643855010713
0.5300000000000002	0.07722526582633514	0.2664887392231688
0.5400000000000003	0.07989220847154554	0.2699603477324554
0.5500000000000003	0.08259364917382576	0.2733795055663247
0.5600000000000003	0.08532906547396593	0.27674650781074567
0.5700000000000003	0.08809793785756934	0.2800616500752304
0.5800000000000003	0.0908997497602126	0.2833252284680154
0.5900000000000003	0.09373398757235886	0.2865375395714573
0.6000000000000003	0.09660014064402596	0.28969888041764164
0.6100000000000003	0.09949770128921195	0.2928095484642047
0.6200000000000003	0.10242616479007995	0.29586984157036755
0.6300000000000003	0.10538502940090437	0.2988800579731819
0.6400000000000003	0.10837379635178088	0.30184049626398746
0.6500000000000004	0.1113919698521019	0.3047514553650798
0.6600000000000004	0.1144390570938	0.3076132345065886
0.6700000000000004	0.11751456825436118	0.3104261332035655
0.6800000000000004	0.12061801649960997	0.3131904512332807
0.6900000000000004	0.12374891798626882	0.31590648861272885
0.7000000000000004	0.1269067918642934	0.318574545576342
0.7100000000000004	0.13009116027898632	0.3211949225539104
0.7200000000000004	0.13330154837289096	0.3237679201487099
0.7300000000000004	0.1365374842874677	0.3262938391158355
0.7400000000000004	0.13979849916455458	0.32877298034074015
0.7500000000000004	0.1430841271476143	0.33120564481797915
0.7600000000000005	0.14639390538276975	0.3335921336301579
0.7700000000000005	0.14972737401963016	0.3359327479270839
0.7800000000000005	0.15308407621190961	0.33822778890512156
0.7900000000000005	0.1564635581178403	0.34047755778674943
0.8000000000000005	0.15986536890038214	0.34268235580031875
0.8100000000000005	0.1632890607272313	0.34484248416001356
0.8200000000000005	0.166734188770629	0.3469582440460108
0.8300000000000005	0.17020031120697324	0.34902993658484
0.8400000000000005	0.17368698921623477	0.35105786282994234
0.8500000000000005	0.17719378698117985	0.35304232374242756
0.8600000000000005	0.18072027168640162	0.35498362017202884
0.8700000000000006	0.1842660135171617	0.35688205283825425
0.8800000000000006	0.18783058565804459	0.3587379223117347
0.8900000000000006	0.19141356429142617	0.360551528995767
0.9000000000000006	0.195014528595759	0.362323173108052
0.9100000000000006	0.1986330607436755	0.3640531546626266
0.9200000000000006	0.20226874589991173	0.365741773451989
0.9300000000000006	0.2059211722190531	0.3673893290294165
0.9400000000000006	0.20958993084310437	0.3689961206914754
0.9500000000000006	0.21327461589888555	0.37056244746072153
0.9600000000000006	0.21697482449525576	0.3720886080685914
0.9700000000000006	0.22069015672016692	0.3735749009384826
0.9800000000000006	0.22442021563754902	0.3750216241690235
0.9900000000000007	0.22816460728402918	0.37642907551753035
1.0000000000000007	0.231922940665486	0.377797552383652
1.0100000000000007	0.23569482775344122	0.37912735179320095
1.0200000000000007	0.23947988348129073	0.3804187703821703
1.0300000000000007	0.24327772574037645	0.38167210438093524
1.0400000000000007	0.24708797537590113	0.3828876495986388
1.0500000000000007	0.25091025618268786	0.3840657014077611
1.0600000000000007	0.2547441949007861	0.3852065547288707
1.0700000000000007	0.2585894212109261	0.3863105040155583
1.0800000000000007	0.2624455677298234	0.38737784323955027
1.0900000000000007	0.2663122700053355	0.38840886587600354
1.1000000000000008	0.270189166511472	0.38940386488897877
1.1100000000000008	0.27407589864326043	0.3903631327170924
1.1200000000000008	0.27797211071146943	0.3912869612593462
1.1300000000000008	0.281877449937191	0.3921756418611338
1.1400000000000008	0.2857915664462835	0.3930294653004229
1.1500000000000008	0.2897141132636776	0.3938487217741126
1.1600000000000008	0.2936447463075459	0.39463370088456556
1.1700000000000008	0.29758312438333956	0.3953846916263128
1.1800000000000008	0.30152890917769193	0.39610198237293176
1.1900000000000008	0.3054817652521921	0.39678586086409573
1.2000000000000008	0.30944136003702977	0.39743661419279447
1.2100000000000009	0.31340736382451273	0.3980545287927246
1.2200000000000009	0.3173794497624593	0.3986398904258495
1.2300000000000009	0.3213572938474671	0.3991929841701272
1.2400000000000009	0.32534057491805946	0.39971409440740613
1.2500000000000009	0.32932897464771205	0.4002035048114871
1.260000000000001	0.33332217753776033	0.40066149833635134
1.270000000000001	0.33731987091019033	0.4010883572045534
1.280000000000001	0.341321744900314	0.40148436289577777
1.290000000000001	0.3453274924493304	0.40184979613555893
1.300000000000001	0.34933680929677585	0.4021849368841637
1.310000000000001	0.3533493939728621	0.40249006432563456
1.320000000000001	0.35736494779070677	0.4027654568569941
1.330000000000001	0.3613831748384563	0.40301139207760855
1.340000000000001	0.3654037819713026	0.40322814677871033
1.350000000000001	0.3694264788033963	0.4034159969330784
1.360000000000001	0.373450977699657	0.40357521768487553
1.370000000000001	0.3774769937674829	0.4037060833396419
1.380000000000001	0.38150424484836043	0.4038088673544435
1.390000000000001	0.3855324515093767	0.4038838423281751
1.400000000000001	0.38956133703463514	0.4039312799920166
1.410000000000001	0.39359062741657647	0.403951451200042
1.420000000000001	0.3976200513472064	0.40394462591997954
1.430000000000001	0.4016493402092313	0.40391107322412323
1.440000000000001	0.40567822806710413	0.4038510612803938
1.450000000000001	0.40970645165798086	0.40376485734354844
1.460000000000001	0.41373375038259025	0.40365272774653926
1.470000000000001	0.41775986629601725	0.40351493789201803
1.480000000000001	0.42178454409840244	0.4033517522439877
1.490000000000001	0.42580753112555836	0.40316343431959917
1.500000000000001	0.42982857733950436	0.4029502466810923
1.5100000000000011	0.4338474353189215	0.40271245092788077
1.5200000000000011	0.4378638602495288	0.4024503076887792
1.5300000000000011	0.4418776099143823	0.4021640766143723
1.5400000000000011	0.44588844468409844	0.40185401636952467
1.5500000000000012	0.449896127507003	0.40152038462603057
1.5600000000000012	0.45390042389920704	0.40116343805540267
1.5700000000000012	0.4579011019346114	0.40078343232179897
1.5800000000000012	0.4618979322348408	0.4003806220750869
1.5900000000000012	0.46589068795910926	0.39995526094404354
1.6000000000000012	0.4698791447940179	0.3995076015296916
1.6100000000000012	0.47386308094328655	0.39903789539876955
1.6200000000000012	0.47784227711742105	0.3985463930773354
1.6300000000000012	0.48181651652331625	0.39803334404450336
1.6400000000000012	0.4857855848537976	0.39749899672631195
1.6500000000000012	0.4897492702771014	0.39694359848972327
1.6600000000000013	0.49370736342629606	0.3963673956367521
1.6700000000000013	0.49765965738864437	0.395770633398724
1.6800000000000013	0.5016059476949096	0.3951535559306616
1.6900000000000013	0.5055460323086054	0.3945164063057983
1.7000000000000013	0.5094797116151915	0.39385942651021816
1.7100000000000013	0.513406788411216	0.39318285743762116
1.7200000000000013	0.5173270678934063	0.3924869388842132
1.7300000000000013	0.5212403576477089	0.3917719095437198
1.7400000000000013	0.5251464676382798	0.3910380070025221
1.7500000000000013	0.5290452101964267	0.39028546773491535
1.7600000000000013	0.5329364000095048	0.38951452709848783
1.7700000000000014	0.5368198541097656	0.38872541932962
1.7800000000000014	0.5406953918631624	0.38791837753910313
1.7900000000000014	0.5445628349581114	0.3870936337078754
1.8000000000000014	0.5484220073942112	0.3862514186828763
1.8100000000000014	0.5522727354709207	0.3853919621730169
1.8200000000000014	0.5561148477761977	0.3845154927452658
1.8300000000000014	0.5599481751750983	0.38362223782085
1.8400000000000014	0.5637725507983388	0.38271242367156916
1.8500000000000014	0.567587810030821	0.3817862754162235
1.8600000000000014	0.5713937905001228	0.38084401701715287
1.8700000000000014	0.5751903320649535	0.37988587127688744
1.8800000000000014	0.5789772768035766	0.3789120598349087
1.8900000000000015	0.5827544690022005	0.37792280316451965
1.9000000000000015	0.5865217551433386	0.37691832056982355
1.9100000000000015	0.5902789838941386	0.3758988301828103
1.9200000000000015	0.5940260060946838	0.3748645489605496
1.9300000000000015	0.5977626747462665	0.3738156926824899
1.9400000000000015	0.6014888449996347	0.3727524759478623
1.9500000000000015	0.6052043741432128	0.37167511217318894
1.9600000000000015	0.6089091215912983	0.3705838135898939
1.9700000000000015	0.6126029488722344	0.3694787912420173
1.9800000000000015	0.6162857196165608	0.3683602549840304
1.9900000000000015	0.6199572995451417	0.3672284134787514
2.0000000000000013	0.6236175564572747	0.3660834741953613
2.010000000000001	0.627266360218779	0.3649256434075184
2.020000000000001	0.6309035827500659	0.36375512619157085
2.0300000000000007	0.6345290980141908	0.36257212642486675
2.0400000000000005	0.6381427820048897	0.3613768467841602
2.0500000000000003	0.6417445127345991	0.36016948874411303
2.06	0.6453341702224614	0.3589502525758912
2.07	0.6489116364823171	0.357719337345855
2.0799999999999996	0.6524767955106834	0.356476940914342
2.0899999999999994	0.6560295332747214	0.3552232599345426
2.099999999999999	0.6595697377001918	0.3539584898514662
2.109999999999999	0.6630972986594016	0.3526828249009983
2.1199999999999988	0.66661210795914	0.3513964581090468
2.1299999999999986	0.6701140593286076	0.35009958129077756
2.1399999999999983	0.6736030484073369	0.3487923850499375
2.149999999999998	0.6770789727331071	0.3474750587782646
2.159999999999998	0.6805417317298532	0.3461477906549849
2.1699999999999977	0.6839912266955698	0.3448107676463941
2.1799999999999975	0.6874273607902109	0.34346417550552444
2.1899999999999973	0.6908500390235878	0.34210819877189486
2.199999999999997	0.6942591682432628	0.3407430207713446
2.209999999999997	0.6976546571224432	0.33936882361594867
2.2199999999999966	0.7010364161478736	0.33798578820401465
2.2299999999999964	0.7044043576077285	0.3365940942201603
2.239999999999996	0.7077583955795065	0.3351939201354706
2.249999999999996	0.7110984459179256	0.33378544320773407
2.259999999999996	0.7144244262428212	0.33236883948175683
2.2699999999999956	0.7177362559270477	0.33094428378975427
2.2799999999999954	0.7210338560843838	0.32951194975181913
2.289999999999995	0.724317149557443	0.32807200977646556
2.299999999999995	0.7275860609055895	0.32662463506124767
2.3099999999999947	0.7308405163928607	0.3251699955934528
2.3199999999999945	0.7340804439758966	0.32370826015086773
2.3299999999999943	0.7373057732918765	0.3222395963026178
2.339999999999994	0.7405164356464659	0.3207641704100776
2.349999999999994	0.7437123640017704	0.319282147627853
2.3599999999999937	0.7468934929643017	0.31779369190483325
2.3699999999999934	0.7500597587729528	0.31629896598531254
2.3799999999999932	0.753211099286985	0.3147981314101806
2.389999999999993	0.7563474539740275	0.31329134851818097
2.399999999999993	0.7594687638980885	0.31177877644723667
2.4099999999999926	0.7625749717075814	0.31026057313584227
2.4199999999999924	0.7656660216233632	0.30873689532452164
2.429999999999992	0.7687418594267889	0.30720789855735076
2.439999999999992	0.7718024324477807	0.3056737371835447
2.4499999999999917	0.7748476895529135	0.30413456435910796
2.4599999999999915	0.7778775811335168	0.30259053204854786
2.4699999999999913	0.7808920590937937	0.3010417910266494
2.479999999999991	0.783891076838958	0.299488490880312
2.489999999999991	0.7868745892633899	0.29793078001044604
2.4999999999999907	0.7898425527388107	0.29636880563393
2.5099999999999905	0.7927949251024763	0.29480271378562595
2.5199999999999902	0.7957316656453927	0.29323264932045395
2.52999999999999	0.7986527351005507	0.2916587559155237
2.53999999999999	0.801558095631183	0.2900811760723233
2.5499999999999896	0.8044477108190425	0.2885000511189641
2.5599999999999894	0.8073215456527043	0.2869155212124812
2.569999999999989	0.8101795665158891	0.2853277253411886
2.579999999999989	0.8130217411758118	0.28373680132708856
2.5899999999999888	0.8158480387715538	0.28214288582833413
2.5999999999999885	0.8186584298024591	0.28054611434174476
2.6099999999999883	0.821452886116557	0.2789466212053735
2.619999999999988	0.8242313808990096	0.2773445396011258
2.629999999999988	0.8269938886605861	0.27574000155742895
2.6399999999999877	0.8297403852261632	0.27413313795195116
2.6499999999999875	0.8324708477232535	0.2725240785143703
2.6599999999999873	0.8351852545705611	0.27091295182919123
2.669999999999987	0.8378835854665658	0.2692998853386105
2.679999999999987	0.8405658213781355	0.26768500534542916
2.6899999999999866	0.8432319445291683	0.2660684370160115
2.6999999999999864	0.845881938389264	0.26445030438329004
2.709999999999986	0.8485157876624255	0.2628307303498158
2.719999999999986	0.8511334782757913	0.261209836690853
2.7299999999999858	0.8537349973683982	0.2595877440575181
2.7399999999999856	0.8563203332799759	0.25796457197996175
2.7499999999999853	0.8588894755397738	0.2563404388705939
2.759999999999985	0.8614424148554191	0.25471546202735035
2.769999999999985	0.8639791431018083	0.25308975763700153
2.7799999999999847	0.8664996533100322	0.25146344077850136
2.7899999999999845	0.8690039396563329	0.24983662542637652
2.7999999999999843	0.8714919974510964	0.24820942445415542
2.809999999999984	0.8739638231278783	0.2465819496378359
2.819999999999984	0.8764194142324652	0.2449543116593912
2.8299999999999836	0.8788587694119698	0.24332662011031378
2.8399999999999834	0.8812818884039634	0.2416989834951961
2.849999999999983	0.8836887720256418	0.24007150923534792
2.859999999999983	0.8860794221630295	0.23844430367244931
2.869999999999983	0.8884538417602195	0.23681747207223924
2.8799999999999826	0.8908120348086496	0.23519111862823855
2.8899999999999824	0.8931540063364167	0.23356534646550714
2.899999999999982	0.8954797623976285	0.23194025764443457
2.909999999999982	0.8977893100617924	0.23031595316456374
2.9199999999999817	0.9000826574032438	0.2286925329684466
2.9299999999999815	0.9023598134906117	0.22707009594553196
2.9399999999999813	0.9046207883763241	0.2254487399360841
2.949999999999981	0.9068655930861521	0.22382856173513238
2.959999999999981	0.9090942396087938	0.22220965709645052
2.9699999999999807	0.9113067408854973	0.22059212073656562
2.9799999999999804	0.9135031107997248	0.21897604633879594
2.9899999999999802	0.9156833641668558	0.21736152655731714
2.99999999999998	0.9178475167239323	0.21574865302125623
3.00999999999998	0.9199955851194437	0.2141375163388129
3.0199999999999796	0.9221275869031536	0.21252820610140738
3.0299999999999794	0.9242435405159676	0.21092081088785475
3.039999999999979	0.9263434652798435	0.20931541826856465
3.049999999999979	0.9284273813877424	0.2077121148097661
3.0599999999999787	0.9304953098936232	0.2061109860777571
3.0699999999999785	0.9325472727024782	0.2045121166431781
3.0799999999999783	0.9345832925604128	0.2029155900853089
3.089999999999978	0.9366033930447671	0.20132148899638896
3.099999999999978	0.9386075985542811	0.19972989498595967
3.1099999999999777	0.940595934299303	0.19814088868522897
3.1199999999999775	0.9425684262920414	0.19655454975145736
3.1299999999999772	0.9445251013368613	0.1949709568723648
3.139999999999977	0.9464659870206236	0.19339018777055805
3.149999999999977	0.9483911117030696	0.1918123192079782
3.1599999999999766	0.950300504507249	0.19023742699036736
3.1699999999999764	0.9521941953099936	0.1886655859717546
3.179999999999976	0.9540722147324348	0.18709687005896017
3.189999999999976	0.9559345941305663	0.18553135221611794
3.1999999999999758	0.9577813655858525	0.18396910446921522
3.2099999999999755	0.9596125618958818	0.18241019791064966
3.2199999999999753	0.9614282165650655	0.18085470270380286
3.229999999999975	0.9632283637953817	0.1793026880876299
3.239999999999975	0.9650130384771665	0.17775422238126468
3.2499999999999747	0.9667822761799497	0.17620937298864045
3.2599999999999745	0.9685361131433377	0.17466820640312491
3.2699999999999743	0.9702745862679414	0.17313078821216984
3.279999999999974	0.9719977331063525	0.17159718310197428
3.289999999999974	0.9737055918541642	0.17006745486216138
3.2999999999999736	0.9753982013410398	0.16854166639046794
3.3099999999999734	0.9770756010218283	0.16701987969744664
3.319999999999973	0.9787378309677258	0.16550215591118017
3.329999999999973	0.9803849318574852	0.16398855528200718
3.3399999999999728	0.9820169449686721	0.1624791371872592
3.3499999999999726	0.9836339121689688	0.16097396013600856
3.3599999999999723	0.985235875907525	0.15947308177382652
3.369999999999972	0.9868228792063566	0.15797655888755133
3.379999999999972	0.9883949656517912	0.15648444741006598
3.3899999999999717	0.9899521793859624	0.15499680242508487
3.3999999999999715	0.9914945650983509	0.1535136781719492
3.4099999999999713	0.9930221680173742	0.15203512805043073
3.419999999999971	0.9945350339020237	0.1505612046255435
3.429999999999971	0.99603320903355	0.14909195963236282
3.4399999999999706	0.9975167402071964	0.14762744398085154
3.4499999999999704	0.9989856747239805	0.14616770776069304
3.45999999999997	1.0004400603825239	0.14471280024613042
3.46999999999997	1.0018799454709302	0.14326276990081174
3.47999999999997	1.0033053787587116	0.14181766438264073
3.4899999999999696	1.0047164094887635	0.14037753054863283
3.4999999999999694	1.0061130873693882	0.13894241445977584
3.509999999999969	1.0074954625663661	0.13751236138589518
3.519999999999969	1.0088635856950765	0.13608741581052308
3.5299999999999687	1.010217507812666	0.13466762143577163
3.5399999999999685	1.0115572804102666	0.13325302118720905
3.5499999999999683	1.0128829554052612	0.131843657218739
3.559999999999968	1.0141945851335992	0.13043957091748254
3.569999999999968	1.015492222342159	0.12904080290866235
3.5799999999999677	1.0167759201811615	0.12764739306048895
3.5899999999999674	1.01804573219663	0.1262593804890484
3.5999999999999672	1.019301712322901	0.12487680356319138
3.609999999999967	1.0205439148751814	0.12349969990942314
3.619999999999967	1.021772394542157	0.12212810641679403
3.6299999999999666	1.0229872063786485	0.12076205924179027
3.6399999999999664	1.0241884057983155	0.11940159381322471
3.649999999999966	1.0253760485664112	0.11804674483712714
3.659999999999966	1.026550190792584	0.11669754630163391
3.6699999999999657	1.0277108889237294	0.11535403148187653
3.6799999999999655	1.0288581997368895	0.1140162329448689
3.6899999999999653	1.029992180332202	0.11268418255439287
3.699999999999965	1.0311128881258977	0.1113579114758819
3.709999999999965	1.0322203808433466	0.11003745018130234
3.7199999999999647	1.0333147165121521	0.10872282845403232
3.7299999999999645	1.0343959534552958	0.10741407539373754
3.7399999999999642	1.0354641502843285	0.10611121942124413
3.749999999999964	1.0365193658926115	0.10481428828340786
3.759999999999964	1.037561659448606	0.10352330905797974
3.7699999999999636	1.03859109038921	0.10223830815846753
3.7799999999999634	1.0396077184131463	0.10095931133899297
3.789999999999963	1.0406116034743953	0.09968634369914434
3.799999999999963	1.0416028057756799	0.0984194296888243
3.8099999999999627	1.0425813857619954	0.09715859311309248
3.8199999999999625	1.0435474041141908	0.09590385713700264
3.8299999999999623	1.0445009217425953	0.09465524429043425
3.839999999999962	1.0454419997806959	0.09341277647291805
3.849999999999962	1.0463706995788604	0.0921764749584555
3.8599999999999617	1.0472870826981109	0.09094636040033162
3.8699999999999615	1.0481912109039435	0.08972245283592123
3.8799999999999613	1.0490831461601968	0.08850477169148825
3.889999999999961	1.0499629506229682	0.08729333578697766
3.899999999999961	1.0508306866345771	0.08608816334080012
3.9099999999999606	1.0516864167175777	0.08488927197460878
3.9199999999999604	1.0525302035688169	0.08369667871806828
3.92999999999996	1.0533621100535424	0.08251040001361538
3.93999999999996	1.0541821991995564	0.0813304517212114
3.9499999999999598	1.0549905341914168	0.08015684912308574
3.9599999999999596	1.055787178364687	0.07898960692847085
3.9699999999999593	1.0565721952002316	0.07782873927832777
3.979999999999959	1.0573456483185597	0.0766742597500626
3.989999999999959	1.0581076014742152	0.07552618136223326
3.9999999999999587	1.0588581185502142	0.07438451657924654
4.009999999999959	1.0595972635525288	0.07324927731604525
4.019999999999959	1.0603251006046182	0.07212047494278502
4.0299999999999585	1.0610416939420058	0.07099812028950088
4.039999999999958	1.0617471079069032	0.06988222365076308
4.049999999999958	1.0624414069428807	0.06877279479032218
4.059999999999958	1.063124655589584	0.06766984294574319
4.069999999999958	1.0637969184774967	0.06657337683302836
4.079999999999957	1.0644582603227497	0.06548340465122866
4.089999999999957	1.0651087459219755	0.06439993408704373
4.099999999999957	1.0657484401472095	0.06332297231940984
4.109999999999957	1.0663774079408364	0.062252526024076126
4.119999999999957	1.0669957143105822	0.061188601378168506
4.129999999999956	1.0676034243245516	0.06013120406474131
4.139999999999956	1.0682006031063116	0.059080339277316395
4.149999999999956	1.0687873158300192	0.05803601172440958
4.159999999999956	1.069363627715595	0.056998225634044185
4.1699999999999555	1.069929604023941	0.05596698475825156
4.179999999999955	1.0704853100522047	0.05494229237755839
4.189999999999955	1.0710308111290865	0.05392415130546063
4.199999999999955	1.0715661726101922	0.05291256389288393
4.209999999999955	1.0720914598734297	0.0519075320326303
4.2199999999999545	1.0726067383144513	0.050909057163811
4.229999999999954	1.073112073342138	0.04991714027626535
4.239999999999954	1.07360753037413	0.048931781914965417
4.249999999999954	1.0740931748323992	0.04795298218440634
4.259999999999954	1.0745690721388672	0.04698074075298227
4.269999999999953	1.0750352877110656	0.046015056857347574
4.279999999999953	1.0754918869578407	0.045055929306763415
4.289999999999953	1.0759389352751003	0.04410335648742934
4.299999999999953	1.0763764980416053	0.04315733636679987
4.3099999999999525	1.076804640614803	0.04221786649788591
4.319999999999952	1.0772234283267041	0.041284944023540854
4.329999999999952	1.0776329264798017	0.040358565680731234
4.339999999999952	1.078033200343033	0.03943872780479184
4.349999999999952	1.0784243151477846	0.038525426333665076
4.3599999999999515	1.0788063360839377	0.03761865681212458
4.369999999999951	1.079179328295958	0.03671841439598282
4.379999999999951	1.0795433568790258	0.035824693856282654
4.389999999999951	1.0798984868752082	0.034937489583472724
4.399999999999951	1.080244783269673	0.03405679559156654
4.40999999999995	1.080582310986945	0.03318260552228514
4.41999999999995	1.0809111348872014	0.032314912649183236
4.42999999999995	1.0812313197626104	0.03145370988175872
4.43999999999995	1.0815429303337103	0.030598989769545424
4.4499999999999496	1.081846031245828	0.029750744506189065
4.459999999999949	1.08214068706554	0.028908965933506205
4.469999999999949	1.0824269622771725	0.028073645545526174
4.479999999999949	1.0827049212793431	0.027244774492515854
4.489999999999949	1.082974628381541	0.026422343584987205
4.4999999999999485	1.0832361478007477	0.02560634329768747
4.509999999999948	1.083489543658099	0.024796763773571925
4.519999999999948	1.0837348799755837	0.023993594827759136
4.529999999999948	1.0839722206727844	0.023196825951468585
4.539999999999948	1.0842016295636556	0.02240644631594062
4.549999999999947	1.0844231703533425	0.021622444776338616
4.559999999999947	1.0846369066350372	0.020844809875633266
4.569999999999947	1.0848429018868746	0.020073529848468954
4.579999999999947	1.0850412194688661	0.019308592625012097
4.589999999999947	1.0852319226198723	0.01854998583478138
4.599999999999946	1.0854150744546138	0.01779769681045986
4.609999999999946	1.0855907379607195	0.01705171259168879
4.619999999999946	1.0857589759958124	0.016312019928843142
4.629999999999946	1.0859198512846344	0.015578605286788777
4.6399999999999455	1.0860734264162077	0.014851454848621137
4.649999999999945	1.0862197638410327	0.014130554519385441
4.659999999999945	1.0863589258683244	0.013415889929778308
4.669999999999945	1.0864909746632845	0.012707446439830754
4.679999999999945	1.086615972244411	0.012005209142572483
4.689999999999944	1.0867339804808445	0.011309162867677431
4.699999999999944	1.0868450610897487	0.010619292185090527
4.709999999999944	1.0869492756337302	0.009935581408635562
4.719999999999944	1.087046685518292	0.009258014599604174
4.729999999999944	1.0871373519893237	0.008586575570325869
4.739999999999943	1.0872213361306264	0.007921247887719026
4.749999999999943	1.0872986988614743	0.007262014876822855
4.759999999999943	1.0873695009342101	0.006608859624310254
4.769999999999943	1.0874338029318769	0.005961764981981524
4.7799999999999425	1.0874916652658828	0.005320713570238908
4.789999999999942	1.0875431481737026	0.00468568778154189
4.799999999999942	1.0875883117166116	0.004056669783843254
4.809999999999942	1.0876272157774558	0.003433641524005836
4.819999999999942	1.087659920058454	0.0028165847311999396
4.8299999999999415	1.0876864840790355	0.0022054809202814
4.839999999999941	1.0877069671737098	0.0016003113951502377
4.849999999999941	1.087721428489972	0.0010010572520899046
4.859999999999941	1.0877299269862393	0.0004076993830870553
4.869999999999941	1.087732521429821	-0.00017978152086814826
4.87999999999994	1.087729270394923	-0.0007614049665012365
4.88999999999994	1.0877202322606825	-0.0013371906549921758
4.89999999999994	1.087705465209237	-0.001907158478733642
4.90999999999994	1.0876850272238254	-0.002471328518108885
4.9199999999999395	1.0876589760869202	-0.0030297210382891735
4.929999999999939	1.087627369378392	-0.00358235648605085
4.939999999999939	1.0875902644737068	-0.00412925548661201
4.949999999999939	1.0875477185421532	-0.004670438840488822
4.959999999999939	1.0874997885451019	-0.005205927520371493
4.9699999999999385	1.087446531234296	-0.005735742668019911
4.979999999999938	1.0873880031501721	-0.006259905591178945
4.989999999999938	1.0873242606202125	-0.006778437760513437
4.999999999999938	1.0872553597573273	-0.007291360806562885
5.009999999999938	1.087181356458268	-0.007798696516715818
5.019999999999937	1.0871023064020695	-0.008300466832203873
5.029999999999937	1.0870182650485238	-0.008796693845115578
5.039999999999937	1.086929287636682	-0.009287399795429847
5.049999999999937	1.0868354291833873	-0.009772607068069164
5.0599999999999365	1.086736744481835	-0.010252338189972494
5.069999999999936	1.086633288100165	-0.010726615827187886
5.079999999999936	1.08652511438008	-0.011195462781984782
5.089999999999936	1.086412277435495	-0.011658901989986023
5.099999999999936	1.0862948311512128	-0.012116956517319545
5.1099999999999355	1.0861728291816308	-0.012569649557789756
5.119999999999935	1.0860463249494738	-0.013017004430068597
5.129999999999935	1.085915371644555	-0.013459044574906263
5.139999999999935	1.0857800222225662	-0.01389579355236158
5.149999999999935	1.0856403294038932	-0.014327275039052031
5.159999999999934	1.0854963456724616	-0.014753512825423405
5.169999999999934	1.0853481232746067	-0.015174530813039069
5.179999999999934	1.0851957142179731	-0.015590353011888842
5.189999999999934	1.0850391702704385	-0.01600100353771745
5.199999999999934	1.0848785429590666	-0.016406506609372543
5.209999999999933	1.0847138835690846	-0.016806886546172274
5.219999999999933	1.084545243142888	-0.0172021677652924
5.229999999999933	1.0843726724790699	-0.017592374779172887
5.239999999999933	1.084196222131479	-0.017977532192944
5.2499999999999325	1.0840159424082996	-0.018357664701871862
5.259999999999932	1.0838318833711602	-0.018732797088823448
5.269999999999932	1.083644094834265	-0.01910295422175099
5.279999999999932	1.0834526263635518	-0.019468161051195775
5.289999999999932	1.0832575272758747	-0.019828442607811282
5.299999999999931	1.0830588466382105	-0.020183823999905683
5.309999999999931	1.082856633266891	-0.020534330411003613
5.319999999999931	1.0826509357268577	-0.020879987097427236
5.329999999999931	1.0824418023309428	-0.021220819385896532
5.339999999999931	1.0822292811391723	-0.021556852671148808
5.34999999999993	1.0820134199580933	-0.02188811241357737
5.35999999999993	1.0817942663401254	-0.02221462413688935
5.36999999999993	1.0815718675829349	-0.02253641342578261
5.37999999999993	1.0813462707288317	-0.022853505923641753
5.3899999999999295	1.0811175225641905	-0.023165927330253147
5.399999999999929	1.0808856696188927	-0.023473703399538935
5.409999999999929	1.080650758165793	-0.02377685993731001
5.419999999999929	1.0804128342202068	-0.02407542279903791
5.429999999999929	1.0801719435394213	-0.0243694178876456
5.4399999999999284	1.0799281316222262	-0.024658871151317045
5.449999999999928	1.079681443708469	-0.02494380858132562
5.459999999999928	1.0794319247786297	-0.02522425620988126
5.469999999999928	1.0791796195534182	-0.025500240107996293
5.479999999999928	1.0789245724933927	-0.02577178638336997
5.489999999999927	1.0786668277985985	-0.02603892117829158
5.499999999999927	1.0784064294082283	-0.026301670667562144
5.509999999999927	1.0781434210003036	-0.026560061056434645
5.519999999999927	1.0778778459913754	-0.02681411857857271
5.5299999999999265	1.0776097475362463	-0.02706386949402774
5.539999999999926	1.0773391685277118	-0.02730934008723441
5.549999999999926	1.077066151596323	-0.027550556665024484
5.559999999999926	1.0767907391101665	-0.027787545554658937
5.569999999999926	1.0765129731746677	-0.02802033310187826
5.5799999999999255	1.0762328956324092	-0.02824894566897099
5.589999999999925	1.075950548062972	-0.028473409632860314
5.599999999999925	1.0756659717827934	-0.028693751383208767
5.609999999999925	1.075379207845045	-0.028909997320540934
5.619999999999925	1.075090297039529	-0.029122173854384127
5.629999999999924	1.0747992798925932	-0.029330307401426933
5.639999999999924	1.074506196667063	-0.029534424383695648
5.649999999999924	1.0742110873621948	-0.029734551226748465
5.659999999999924	1.0739139917136433	-0.029930714357887432
5.6699999999999235	1.0736149491934492	-0.030122940204388052
5.679999999999923	1.0733139990100444	-0.030311255191746524
5.689999999999923	1.0730111801082733	-0.03049568574194453
5.699999999999923	1.0727065311694326	-0.030676258271731534
5.709999999999923	1.0724000906113276	-0.030852999190924497
5.7199999999999225	1.0720918965883457	-0.031025934900724993
5.729999999999922	1.0717819869915461	-0.03119509179205363
5.739999999999922	1.0714703994487673	-0.03136049624390173
5.749999999999922	1.0711571713247494	-0.03152217462170018
5.759999999999922	1.0708423397212739	-0.03168015327570547
5.769999999999921	1.0705259414773185	-0.03183445853940273
5.779999999999921	1.070208013169229	-0.03198511672792579
5.789999999999921	1.0698885911109062	-0.03213215413649422
5.799999999999921	1.0695677113540079	-0.03227559703886718
5.809999999999921	1.0692454096881672	-0.03241547168581412
5.81999999999992	1.0689217216412255	-0.03255180430360221
5.82999999999992	1.0685966824794806	-0.032684621092500414
5.83999999999992	1.0682703272079503	-0.03281394822530026
5.84999999999992	1.0679426905706493	-0.03293981184585305
5.8599999999999195	1.067613807050882	-0.0330622380676236
5.869999999999919	1.0672837108715492	-0.03318125297226039
5.879999999999919	1.0669524359954685	-0.03329688260818202
5.889999999999919	1.0666200161257102	-0.03340915298917995
5.899999999999919	1.0662864847059452	-0.03351809009303747
5.909999999999918	1.0659518749208086	-0.033623719860164734
5.919999999999918	1.0656162196962746	-0.03372606819224994
5.929999999999918	1.0652795517000475	-0.033825160950926414
5.939999999999918	1.0649419033419636	-0.03392102395645566
5.949999999999918	1.0646033067744074	-0.034013682986426264
5.959999999999917	1.0642637938927406	-0.034103163774468565
5.969999999999917	1.0639233963357435	-0.034189492008985
5.979999999999917	1.0635821454860697	-0.03427269333189614
5.989999999999917	1.0632400724707123	-0.03435279333740225
5.9999999999999165	1.0628972081614836	-0.03442981757076033
6.009999999999916	1.062553583175506	-0.03450379152707659
6.019999999999916	1.0622092278757154	-0.03457474065011429
6.029999999999916	1.061864172371376	-0.03464269033111678
6.039999999999916	1.0615184465186074	-0.03470766590764579
6.0499999999999154	1.0611720799209228	-0.03476969266243484
6.059999999999915	1.0608251019297787	-0.03482879582225767
6.069999999999915	1.0604775416451364	-0.03488500055681163
6.079999999999915	1.0601294279160334	-0.03493833197761604
6.089999999999915	1.0597807893411666	-0.03498881513692526
6.099999999999914	1.0594316542694866	-0.03503647502665662
6.109999999999914	1.0590820508008016	-0.03508133657733292
6.119999999999914	1.0587320067863932	-0.03512342465703961
6.129999999999914	1.0583815498296412	-0.03516276407039641
6.1399999999999135	1.058030707286659	-0.03519937955754344
6.149999999999913	1.0576795062669404	-0.035233295793141675
6.159999999999913	1.0573279736340138	-0.03526453738538771
6.169999999999913	1.0569761360061083	-0.03529312887504271
6.179999999999913	1.0566240197568293	-0.035319094734475524
6.1899999999999125	1.0562716510158423	-0.03534245936671984
6.199999999999912	1.0559190556695672	-0.035363247104545345
6.209999999999912	1.055566259361881	-0.035381482209542736
6.219999999999912	1.0552132874948312	-0.035397188871222625
6.229999999999912	1.0548601652293554	-0.03541039120612814
6.239999999999911	1.0545069174860129	-0.035421113256961206
6.249999999999911	1.0541535689457227	-0.035429378991722445
6.259999999999911	1.0538001440505103	-0.03543521230286455
6.269999999999911	1.0534466670042646	-0.03543863700645911
6.2799999999999105	1.0530931617735009	-0.03543967684137684
6.28999999999991	1.0527396520881331	-0.035438355468480974
6.29999999999991	1.0523861614422543	-0.03543469646983399
6.30999999999991	1.0520327130949243	-0.035428723347917364
6.31999999999991	1.0516793300709657	-0.035420459524864396
6.3299999999999095	1.051326035161767	-0.03540992834170602
6.339999999999909	1.0509728509260936	-0.035397153057629444
6.349999999999909	1.050619799690906	-0.035382156849249675
6.359999999999909	1.0502669035521852	-0.035364962809893694
6.369999999999909	1.0499141843757656	-0.03534559394889731
6.379999999999908	1.0495616637981737	-0.035324073190914594
6.389999999999908	1.0492093632274757	-0.03530042337523978
6.399999999999908	1.0488573038441298	-0.035274667255141584
6.409999999999908	1.048505506601846	-0.03524682749720985
6.419999999999908	1.0481539922284526	-0.03521692668071447
6.429999999999907	1.0478027812267687	-0.03518498729697644
6.439999999999907	1.0474518938754829	-0.035151031748751
6.449999999999907	1.0471013502300386	-0.03511508234962286
6.459999999999907	1.0467511701235248	-0.035077161323413264
6.4699999999999065	1.0464013731675725	-0.035037290803598985
6.479999999999906	1.0460519787532585	-0.034995492832743044
6.489999999999906	1.045703006052012	-0.034951789361937144
6.499999999999906	1.04535447401653	-0.034906202250255716
6.509999999999906	1.0450064013816953	-0.03485875326422151
6.519999999999905	1.044658806665502	-0.03480946407728263
6.529999999999905	1.0443117081699846	-0.03475835626930096
6.539999999999905	1.043965123982153	-0.034705451326051864
6.549999999999905	1.0436190719749319	-0.034650770638735146
6.559999999999905	1.0432735698081057	-0.034594335503497095
6.569999999999904	1.0429286349292681	-0.03453616712096365
6.579999999999904	1.0425842845747757	-0.0344762865957845
6.589999999999904	1.0422405357707063	-0.034414714936188105
6.599999999999904	1.0418974053338224	-0.034351473053547556
6.6099999999999035	1.0415549098725376	-0.03428658176195714
6.619999999999903	1.0412130657878889	-0.03422006177781962
6.629999999999903	1.0408718892745115	-0.03415193371944404
6.639999999999903	1.0405313963216185	-0.03408221810665413
6.649999999999903	1.0401916027139844	-0.03401093536040703
6.659999999999902	1.039852524032932	-0.03393810580242246
6.669999999999902	1.0395141756573232	-0.033863749654822105
6.679999999999902	1.0391765727645534	-0.033787887039779224
6.689999999999902	1.03883973033155	-0.03371053797917836
6.699999999999902	1.0385036631357722	-0.03363172239428511
6.709999999999901	1.038168385756217	-0.0335514601054258
6.719999999999901	1.0378339125744256	-0.03346977083167713
6.729999999999901	1.037500257775495	-0.03338667419056556
6.739999999999901	1.0371674353490916	-0.03330218969777642
6.7499999999999005	1.036835459090467	-0.033216336766872724
6.7599999999999	1.0365043426014782	-0.03312913470902348
6.7699999999999	1.0361740992916095	-0.03304060273274158
6.7799999999999	1.035844742378997	-0.03295075994363103
6.7899999999999	1.0355162848914554	-0.03285962534414358
6.7999999999998995	1.0351887396675081	-0.03276721783334458
6.809999999999899	1.0348621193574188	-0.032673556206688055
6.819999999999899	1.0345364364242255	-0.03257865915580085
6.829999999999899	1.034211703144777	-0.03248254526827584
6.839999999999899	1.033887931610771	-0.032385233027474127
6.849999999999898	1.0335651337297935	-0.03228674081233603
6.859999999999898	1.0332433212263625	-0.03218708689720099
6.869999999999898	1.0329225056429703	-0.03208628945163611
6.879999999999898	1.0326026983411298	-0.03198436654027341
6.8899999999998975	1.0322839105024215	-0.03188133612265567
6.899999999999897	1.031966153129542	-0.031777216053090716
6.909999999999897	1.0316494370473546	-0.0316720240805142
6.919999999999897	1.0313337729039393	-0.031565777848360704
6.929999999999897	1.0310191711716474	-0.03145849489444312
6.9399999999998965	1.0307056421481537	-0.03135019265084026
6.949999999999896	1.0303931959575128	-0.03124088844379259
6.959999999999896	1.030081842551214	-0.031130599493605998
6.969999999999896	1.029771591709239	-0.031019342914563576
6.979999999999896	1.0294624530411192	-0.030907135714845307
6.989999999999895	1.0291544359869944	-0.030793994796455587
6.999999999999895	1.0288475498186724	-0.0306799369551585
7.009999999999895	1.0285418036406884	-0.03056497888042079
7.019999999999895	1.0282372063913654	-0.03044913715536248
7.0299999999998946	1.027933766843876	-0.030332428256714984
7.039999999999894	1.0276314936073023	-0.030214868554786736
7.049999999999894	1.0273303951276993	-0.030096474313436206
7.059999999999894	1.027030479689155	-0.029977261690052236
7.069999999999894	1.0267317554148536	-0.02985724673554165
7.0799999999998935	1.0264342302681375	-0.029736445394324046
7.089999999999893	1.0261379120535694	-0.029614873504333703
7.099999999999893	1.0258428084179942	-0.029492546797028524
7.109999999999893	1.0255489268516016	-0.02936948089740597
7.119999999999893	1.0252562746889875	-0.029245691324025873
7.129999999999892	1.0249648591102163	-0.029121193489040118
7.139999999999892	1.0246746871418813	-0.028996002698229047
7.149999999999892	1.0243857656581665	-0.028870134151044596
7.159999999999892	1.0240981013819068	-0.028743602940660022
7.169999999999892	1.0238117008856478	-0.028616424054026215
7.179999999999891	1.0235265705927052	-0.02848861237193447
7.189999999999891	1.0232427167782243	-0.028360182669085684
7.199999999999891	1.0229601455702373	-0.028231149614165924
7.209999999999891	1.0226788629507204	-0.028101527769928237
7.2199999999998905	1.0223988747566515	-0.02797133159328071
7.22999999999989	1.0221201866810643	-0.027840575435380648
7.23999999999989	1.021842804274104	-0.02770927354173484
7.24999999999989	1.0215667329440803	-0.027577440052305842
7.25999999999989	1.0212919779585201	-0.027445089001624186
7.269999999999889	1.0210185444452191	-0.027312234318906493
7.279999999999889	1.0207464373932917	-0.027178889828179363
7.289999999999889	1.0204756616542203	-0.027045069248409045
7.299999999999889	1.0202062219429022	-0.026910786193636755
7.309999999999889	1.019938122838697	-0.026776054173119634
7.319999999999888	1.0196713687864705	-0.026640886591477227
7.329999999999888	1.0194059640976385	-0.026505296748843478
7.339999999999888	1.0191419129512087	-0.026369297841024104
7.349999999999888	1.0188792193948208	-0.02623290295965937
7.3599999999998875	1.0186178873457852	-0.026096125092392113
7.369999999999887	1.01835792059212	-0.025958977123041006
7.379999999999887	1.0180993227935864	-0.025821471831779005
7.389999999999887	1.0178420974827214	-0.025683621895316873
7.399999999999887	1.0175862480658702	-0.025545439887091733
7.4099999999998865	1.0173317778242152	-0.02540693827746063
7.419999999999886	1.0170786899148045	-0.025268129433898973
7.429999999999886	1.016826987371577	-0.02512902562120383
7.439999999999886	1.016576673106386	-0.024989639001702046
7.449999999999886	1.0163277499100216	-0.02484998163546303
7.459999999999885	1.0160802204532295	-0.024710065480516262
7.469999999999885	1.0158340872877283	-0.02456990239307337
7.479999999999885	1.0155893528472248	-0.024429504127754766
7.489999999999885	1.0153460194484272	-0.024288882337820762
7.4999999999998845	1.0151040892920546	-0.02414804857540711
7.509999999999884	1.0148635644638462	-0.024007014291764908
7.519999999999884	1.0146244469355659	-0.02386579083750481
7.529999999999884	1.0143867385660064	-0.023724389462845483
7.539999999999884	1.0141504411019897	-0.023582821317866244
7.5499999999998835	1.0139155561793658	-0.02344109745276384
7.559999999999883	1.0136820853240074	-0.023299228818113287
7.569999999999883	1.0134500299528038	-0.023157226265132724
7.579999999999883	1.013219391374651	-0.023015100545952228
7.589999999999883	1.0129901707914395	-0.02287286231388652
7.599999999999882	1.0127623692990395	-0.022730522123711516
7.609999999999882	1.0125359878882825	-0.022588090431944662
7.619999999999882	1.0123110274459415	-0.022445577597129
7.629999999999882	1.012087488755707	-0.0223029938801209
7.6399999999998816	1.0118653724991609	-0.02216034944438142
7.649999999999881	1.0116446792567475	-0.022017654356271215
7.659999999999881	1.011425409508741	-0.02187491858534896
7.669999999999881	1.0112075636362103	-0.021732152004673225
7.679999999999881	1.0109911419219815	-0.021589364391107743
7.6899999999998805	1.0107761445515957	-0.02144656542563003
7.69999999999988	1.0105625716142654	-0.02130376469364328
7.70999999999988	1.010350423103827	-0.021160971685291522
7.71999999999988	1.0101396989196896	-0.021018195795777923
7.72999999999988	1.009930398867782	-0.020875446325686255
7.739999999999879	1.0097225226614954	-0.020732732481305426
7.749999999999879	1.0095160699226235	-0.02059006337495704
7.759999999999879	1.0093110401822982	-0.020447448025325925
7.769999999999879	1.0091074328819234	-0.020304895357793583
7.779999999999879	1.008905247374105	-0.020162414204774527
7.789999999999878	1.0087044829235767	-0.02002001330605542
7.799999999999878	1.0085051387081243	-0.019877701309136995
7.809999999999878	1.0083072138195042	-0.019735486769578686
7.819999999999878	1.00811070726436	-0.019593378151345937
7.8299999999998775	1.0079156179651358	-0.019451383827160128
7.839999999999877	1.0077219447609849	-0.01930951207885107
7.849999999999877	1.0075296864086754	-0.019167771097712016
7.859999999999877	1.007338841583493	-0.01902616898485716
7.869999999999877	1.0071494088801396	-0.018884713751581562
7.879999999999876	1.006961386813628	-0.018743413319723415
7.889999999999876	1.0067747738201736	-0.018602275522028693
7.899999999999876	1.0065895682580814	-0.018461308102518042
7.909999999999876	1.0064057684086316	-0.018320518716855923
7.919999999999876	1.0062233724769585	-0.01817991493272193
7.929999999999875	1.0060423785929282	-0.01803950423018427
7.939999999999875	1.0058627848120116	-0.01789929400207532
7.949999999999875	1.0056845891161528	-0.017759291554369245
7.959999999999875	1.0055077894146351	-0.01761950410656161
7.9699999999998745	1.0053323835449433	-0.017479938792050963
7.979999999999874	1.00515836927362	-0.017340602658522324
7.989999999999874	1.004985744297121	-0.017201502668332543
7.999999999999874	1.0048145062426657	-0.017062645698897497
8.009999999999874	1.0046446526690815	-0.01692403854308105
8.019999999999873	1.0044761810676484	-0.01678568790958577
8.029999999999873	1.0043090888629362	-0.016647600423345312
8.039999999999873	1.0041433734136398	-0.0165097826259185
8.049999999999873	1.0039790320134092	-0.016372240975884977
8.059999999999873	1.0038160618916772	-0.01623498184924243
8.069999999999872	1.003654460214481	-0.016098011539805366
8.079999999999872	1.0034942240852822	-0.015961336259605337
8.089999999999872	1.0033353505457805	-0.015824962139292638
8.099999999999872	1.003177836576725	-0.01568889522853938
8.109999999999872	1.003021679098721	-0.01555314149644394
8.119999999999871	1.0028668749730325	-0.015417706831936736
8.129999999999871	1.0027134210023811	-0.015282597044187265
8.139999999999871	1.0025613139317404	-0.015147817863012393
8.14999999999987	1.0024105504491263	-0.015013374939285848
8.15999999999987	1.002261127186384	-0.014879273845348867
8.16999999999987	1.0021130407199699	-0.014745520075421972
8.17999999999987	1.0019662875717301	-0.014612119046017832
8.18999999999987	1.0018208642096744	-0.014479076096355164
8.19999999999987	1.0016767670487459	-0.014346396488773654
8.20999999999987	1.0015339924515874	-0.014214085409149842
8.21999999999987	1.0013925367293028	-0.014082147967313935
8.229999999999869	1.001252396142215	-0.013950589197467536
8.239999999999869	1.0011135669006184	-0.013819414058602214
8.249999999999869	1.0009760451655287	-0.013688627434918905
8.259999999999868	1.0008398270494283	-0.013558234136248107
8.269999999999868	1.000704908617006	-0.013428238898470822
8.279999999999868	1.0005712858858942	-0.013298646383940209
8.289999999999868	1.0004389548274015	-0.01316946118190393
8.299999999999867	1.0003079113672406	-0.013040687808927134
8.309999999999867	1.000178151386252	-0.012912330709316064
8.319999999999867	1.0000496707211244	-0.012784394255542229
8.329999999999867	0.9999224651651095	-0.012656882748667133
8.339999999999867	0.9997965304687338	-0.012529800418767504
8.349999999999866	0.9996718623405052	-0.012403151425361008
8.359999999999866	0.9995484564476159	-0.012276939857832406
8.369999999999866	0.9994263084166409	-0.012151169735860123
8.379999999999866	0.9993054138342325	-0.01202584500984319
8.389999999999866	0.9991857682478099	-0.011900969561328549
8.399999999999865	0.9990673671662451	-0.011776547203438653
8.409999999999865	0.9989502060605445	-0.011652581681299366
8.419999999999865	0.998834280364526	-0.011529076672468112
8.429999999999865	0.9987195854754918	-0.011406035787362242
8.439999999999864	0.9986061167548971	-0.011283462569687595
8.449999999999864	0.9984938695290146	-0.011161360496867221
8.459999999999864	0.9983828390895948	-0.011039732980470235
8.469999999999864	0.9982730206945211	-0.010918583366640762
8.479999999999864	0.998164409568462	-0.010797914936526978
8.489999999999863	0.9980570009035182	-0.010677730906710169
8.499999999999863	0.9979507898598657	-0.01055803442963381
8.509999999999863	0.9978457715663941	-0.010438828594032641
8.519999999999863	0.9977419411213412	-0.010320116425361684
8.529999999999863	0.9976392935929235	-0.010201900886225199
8.539999999999862	0.9975378240199615	-0.010084184876805537
8.549999999999862	0.9974375274125019	-0.009966971235291867
8.559999999999862	0.9973383987524344	-0.009850262738308751
8.569999999999862	0.9972404329941047	-0.009734062101344533
8.579999999999862	0.9971436250649239	-0.009618371979179528
8.589999999999861	0.9970479698659723	-0.009503194966313975
8.599999999999861	0.9969534622726001	-0.009388533597395728
8.60999999999986	0.9968600971350229	-0.009274390347647663
8.61999999999986	0.9967678692789139	-0.009160767633294776
8.62999999999986	0.996676773505991	-0.009047667811990947
8.63999999999986	0.9965868045946001	-0.00893509318324533
8.64999999999986	0.996497957300294	-0.008823045988848375
8.65999999999986	0.996410226356407	-0.008711528413297425
8.66999999999986	0.9963236064746256	-0.008600542584221896
8.67999999999986	0.9962380923455545	-0.008490090572807972
8.68999999999986	0.9961536786392784	-0.008380174394222848
8.699999999999859	0.9960703600059202	-0.008270796008038447
8.709999999999859	0.995988131076194	-0.00816195731865462
8.719999999999859	0.9959069864619546	-0.00805366017572178
8.729999999999858	0.9958269207567428	-0.007945906374562987
8.739999999999858	0.9957479285363259	-0.007838697656595416
8.749999999999858	0.9956700043592344	-0.00773203570975121
8.759999999999858	0.9955931427672947	-0.007625922168897708
8.769999999999857	0.9955173382861573	-0.007520358616256991
8.779999999999857	0.9954425854258206	-0.0074153465818247635
8.789999999999857	0.9953688786811513	-0.007310887543788515
8.799999999999857	0.9952962125323997	-0.0072069829289449746
8.809999999999857	0.9952245814457116	-0.007103634113116806
8.819999999999856	0.9951539798736354	-0.0070008424215685485
8.829999999999856	0.9950844022556259	-0.006898609129421766
8.839999999999856	0.9950158430185428	-0.006796935462069394
8.849999999999856	0.9949482965771462	-0.0066958225955892625
8.859999999999856	0.9948817573345873	-0.006595271657156775
8.869999999999855	0.9948162196828949	-0.006495283725456726
8.879999999999855	0.9947516780034589	-0.006395859831094238
8.889999999999855	0.9946881266675078	-0.0062970009570047945
8.899999999999855	0.9946255600365841	-0.006198708038863364
8.909999999999854	0.994563972463014	-0.006100981965492576
8.919999999999854	0.9945033582903742	-0.006003823579269956
8.929999999999854	0.994443711853954	-0.005907233676534182
8.939999999999854	0.9943850274812135	-0.005811213007990354
8.949999999999854	0.994327299492238	-0.005715762279114255
8.959999999999853	0.9942705222001876	-0.005620882150555599
8.969999999999853	0.9942146899117442	-0.005526573238540231
8.979999999999853	0.9941597969275529	-0.005432836115271274
8.989999999999853	0.9941058375426601	-0.00533967130932921
8.999999999999853	0.9940528060469483	-0.005247079306070864
9.009999999999852	0.9940006967255659	-0.005155060548027294
9.019999999999852	0.993949503859353	-0.00506361543530056
9.029999999999852	0.9938992217252642	-0.004972744325959358
9.039999999999852	0.9938498445967868	-0.004882447536433507
9.049999999999851	0.993801366744355	-0.004792725341907272
9.059999999999851	0.9937537824357604	-0.0047035779767115125
9.069999999999851	0.9937070859365583	-0.004615005634714633
9.07999999999985	0.993661271510471	-0.004527008469712334
9.08999999999985	0.993616333419786	-0.004439586595816138
9.09999999999985	0.9935722659257508	-0.004352740087840686
9.10999999999985	0.9935290632889644	-0.004266468981689784
9.11999999999985	0.9934867197697641	-0.004180773274741191
9.12999999999985	0.9934452296286089	-0.004095652926230134
9.13999999999985	0.9934045871264593	-0.004011107857631535
9.14999999999985	0.9933647865251525	-0.003927137953040944
9.15999999999985	0.9933258220877746	-0.0038437430595541556
9.169999999999849	0.993287688079029	-0.0037609229876455065
9.179999999999849	0.9932503787656002	-0.003678677511544838
9.189999999999849	0.9932138884165148	-0.00359700636961311
9.199999999999848	0.9931782113034981	-0.0035159092647166577
9.209999999999848	0.9931433417013276	-0.003435385864600081
9.219999999999848	0.9931092738881817	-0.0033554358022577493
9.229999999999848	0.9930760021459863	-0.0032760586763039183
9.239999999999847	0.9930435207607563	-0.0031972540513414425
9.249999999999847	0.993011824022934	-0.0031190214583290765
9.259999999999847	0.9929809062277236	-0.0030413603949473547
9.269999999999847	0.9929507616754228	-0.0029642703259630306
9.279999999999847	0.9929213846717498	-0.0028877506835920867
9.289999999999846	0.992892769528167	-0.0028118008678612765
9.299999999999846	0.9928649105622014	-0.002736420246968214
9.309999999999846	0.9928378020977612	-0.0026616081576399907
9.319999999999846	0.9928114384654487	-0.002587363905490308
9.329999999999846	0.9927858140028699	-0.002513686765375122
9.339999999999845	0.9927609230549403	-0.0024405759817467915
9.349999999999845	0.9927367599741875	-0.002368030769006716
9.359999999999845	0.9927133191210497	-0.0022960503118564612
9.369999999999845	0.9926905948641713	-0.002224633765647358
9.379999999999844	0.9926685815806952	-0.0021537802567285725
9.389999999999844	0.9926472736565503	-0.002083488882793635
9.399999999999844	0.9926266654867374	-0.0020137587132254206
9.409999999999844	0.9926067514756103	-0.001944588789439579
9.419999999999844	0.9925875260371538	-0.0018759781252263978
9.429999999999843	0.9925689835952589	-0.0018079257070911007
9.439999999999843	0.9925511185839935	-0.001740430494592567
9.449999999999843	0.9925339254478707	-0.0016734914206804684
9.459999999999843	0.9925173986421135	-0.0016071073920308166
9.469999999999843	0.9925015326329159	-0.0015412772893799178
9.479999999999842	0.9924863218977005	-0.0014759999678567203
9.489999999999842	0.9924717609253737	-0.0014112742573135556
9.499999999999842	0.9924578442165767	-0.0013470989626552664
9.509999999999842	0.9924445662839334	-0.0012834728641667162
9.519999999999841	0.9924319216522954	-0.001220394717838667
9.529999999999841	0.9924199048589836	-0.0011578632556920325
9.539999999999841	0.992408510454026	-0.0010958771861004919
9.54999999999984	0.9923977330003935	-0.0010344351941114626
9.55999999999984	0.992387567074231	-0.000973535941765427
9.56999999999984	0.992378007265087	-0.0009131780684136065
9.57999999999984	0.992369048176138	-0.000853360191033983
9.58999999999984	0.992360684424412	-0.0007940809045456556
9.59999999999984	0.9923529106410072	-0.0007353387821215378
9.60999999999984	0.992345721471308	-0.0006771323754993797
9.61999999999984	0.9923391115751984	-0.0006194602152911237
9.62999999999984	0.9923330756272719	-0.0005623208112905791
9.639999999999839	0.9923276083170381	-0.0005057126527794177
9.649999999999839	0.992322704349127	-0.00044963420883148566
9.659999999999838	0.9923183584434893	-0.0003940839286154259
9.669999999999838	0.9923145653355946	-0.00033906024169561195
9.679999999999838	0.9923113197766262	-0.0002845615583313895
9.689999999999838	0.9923086165336726	-0.00023058626977461564
9.699999999999838	0.9923064503899167	-0.00017713274856550332
9.709999999999837	0.9923048161448215	-0.0001241993488267601
9.719999999999837	0.9923037086143132	-7.178440655602358e-05
9.729999999999837	0.9923031226309611	-1.988623991659184e-05
9.739999999999837	0.9923030530441551	3.149685047356318e-05
9.749999999999837	0.9923034947202797	8.236658125448622e-05
9.759999999999836	0.9923044425428855	0.00013272468603864866
9.769999999999836	0.9923058914128579	0.00018257291512707016
9.779999999999836	0.9923078362485825	0.00023191303522716386
9.789999999999836	0.9923102719861089	0.00028074682917229236
9.799999999999836	0.9923131935793097	0.00032907609564305254
9.809999999999835	0.9923165960000389	0.0003769026488902775
9.819999999999835	0.9923204742382857	0.0004242283184597632
9.829999999999835	0.9923248233023272	0.00047105494891872083
9.839999999999835	0.9923296382188769	0.0005173843995839528
9.849999999999834	0.9923349140332314	0.0005632185442517544
9.859999999999834	0.9923406458094142	0.0006085592709295456
9.869999999999834	0.9923468286303166	0.000653408481569227
9.879999999999834	0.9923534575978367	0.0006977680918022675
9.889999999999834	0.9923605278330142	0.0007416400306765169
9.899999999999833	0.9923680344761646	0.0007850262403947492
9.909999999999833	0.9923759726870091	0.0008279286760549341
9.919999999999833	0.9923843376448026	0.0008703493053922383
9.929999999999833	0.9923931245484598	0.0009122901085227581
9.939999999999833	0.9924023286166773	0.0009537530776889716
9.949999999999832	0.9924119450880541	0.0009947402170069303
9.959999999999832	0.9924219692212096	0.0010352535422151732
9.969999999999832	0.992432396294899	0.001075295080425366
9.979999999999832	0.9924432216081257	0.0011148668698746729
9.989999999999831	0.992454440480252	0.0011539709596798497
9.999999999999831	0.992466048251107	0.0011926094095930644
